4
13
16
19
21
22
23
24
25
26
27
28
30
33
34
36
38
39
41
42
43
44
46
47
48
49
50
54
55
56
57
58
59
60
62
65
67
70
71
74
77
78
79
80
81
84
86
88
89
90
92
93
94
96
97
99
100
101
102
103
104
105
106
107
108
109
110
112
115
116
119
120
122
123
125
126
129
130
132
133
135
136
137
138
139
140
141
142
143
144
145
146
147
148
149
150
151
152
153
154
156
159
161
162
165
167
172
173
175
178
184
187
188
194
196
197
198
199
209
210
214
219
220
221
226
229
236
240
243
255
257
258
260
263
273
274
284
286
287
293
294
296
303
304
306
322
325
326
334
335
336
338
339
341
343
344
345
346
347
348
349
363
376
386
387
388
389
390
391
402
406
418
421
424
425
428
433
436
440
453
454
455
466
470
482
487
494
508
526
529
530
531
534
549
552
569
579
581
591
599
600
619
643
644
661
680
684
687
689
692
696
700
704
726
734
738
748
761
762
763
767
773
775
777
779
782
788
795
796
837
838
848
850
851
861
862
866
871
878
888
895
898
901
903
906
907
909
913
914
920
924
925
927
929
930
939
945
946
956
975
979
984
994
1002
1030
1038
1041
1044
1045
1051
1054
1057
1058
1074
1077
1078
1090
1093
1102
1104
1107
1109
1110
1115
1117
1120
1154
1159
1165
1173
1174
1184
1193
1196
1206
1221
1234
1244
1245
1248
1250
1260
1264
1266
1269
1273
1277
1279
1281
1282
1284
1287
1295
1308
1317
1318
1327
1330
1334
1335
1346
1351
1362
1363
1368
1369
1370
1384
1390
1400
1406
1414
1421
1431
1438
1439
1448
1468
1476
1479
1505
1515
1516
1518
1519
1520
1521
1522
1525
1526
1528
1529
1530
1532
1535
1537
1538
1539
1540
1541
1545
1546
1547
1548
1550
1552
1554
1555
1560
1561
1562
1563
1564
1565
1566
1568
1569
1570
1571
1572
1573
1574
1576
1579
1581
1583
1584
1585
1586
1587
1588
1589
1590
1591
1592
1593
1594
1596
1597
1598
