2
3
7
12
13
14
18
20
22
31
32
33
35
36
37
40
44
49
51
52
53
54
55
56
58
60
61
62
63
64
68
69
70
71
72
73
74
81
82
83
84
85
87
89
90
91
92
93
96
97
100
101
102
103
104
105
106
109
111
112
113
114
115
118
119
120
121
126
127
130
131
132
134
135
138
139
156
159
160
161
163
164
165
166
167
168
169
170
171
172
173
174
175
176
177
178
179
181
182
184
185
186
189
190
191
194
195
198
199
205
206
207
211
212
215
216
219
222
223
226
227
230
231
234
236
238
239
241
244
247
250
251
252
260
264
275
281
282
285
291
292
295
298
305
308
311
314
315
316
319
324
328
336
346
349
356
365
367
373
378
382
385
388
389
397
409
411
420
431
432
439
451
453
467
469
470
475
476
494
506
510
527
535
543
551
552
553
559
564
571
572
575
584
597
605
614
621
623
636
638
645
653
656
691
695
704
705
707
709
723
732
743
759
764
768
794
801
806
808
820
827
836
840
842
848
858
860
862
863
871
872
873
888
897
908
909
921
925
940
945
947
953
971
982
987
988
1014
1018
1035
1037
1043
1064
1067
1070
1072
1083
1084
1090
1092
1102
1114
1123
1169
1177
1188
1210
1224
1257
1258
1263
1273
1284
1286
1287
1320
1327
1328
1330
1335
1336
1367
1368
1373
1388
1397
1425
1433
1438
1450
1456
1458
1460
1475
1483
1491
1494
1506
1512
1516
1518
1522
1534
1541
1547
1551
1555
1565
1577
1580
1593
1595
1596
1597
1598
1600
1602
1604
1605
1606
1607
1608
1609
1610
1611
1612
1613
1614
1615
1616
1619
1620
1622
1623
1625
1626
1628
1631
1633
1634
1635
1636
1637
1638
1639
1640
1641
1642
1643
1644
1646
1648
1649
1650
1651
1652
1653
1654
1655
1660
1661
1662
1663
1665
1666
1667
1670
1671
1672
1676
1678
1679
1680
1681
1682
1683
1684
1687
1690
1691
1692
1693
1694
1695
1697
1698
1700
1701
1703
1705
1706
1707
1708
1709
1710
1712
1713
1714
1716
1718
1719
