2
3
4
5
9
18
19
21
22
24
25
26
28
30
31
32
34
36
39
41
42
43
44
45
46
48
49
50
54
55
56
57
58
60
61
62
64
66
68
69
72
73
75
76
78
80
81
84
85
88
89
92
93
94
96
97
100
103
104
105
106
107
108
109
110
111
113
115
116
118
119
120
122
123
124
126
127
128
130
131
132
133
134
135
138
139
140
143
144
145
147
148
149
151
152
153
154
155
156
162
163
164
166
169
171
172
175
178
181
182
184
189
193
194
196
198
200
203
206
210
212
214
221
227
233
236
240
245
255
258
260
262
274
277
278
284
286
294
303
304
307
309
314
317
319
321
324
339
343
345
349
352
354
355
359
360
361
364
370
371
374
391
395
396
398
404
405
406
410
413
417
425
432
433
444
445
451
459
470
480
494
495
496
498
501
504
509
511
524
531
540
542
549
563
576
577
580
583
588
596
601
615
625
643
644
646
647
654
662
664
673
682
684
685
686
688
698
709
715
726
741
750
761
762
767
779
782
786
794
798
803
806
816
833
844
851
861
864
872
883
887
904
906
907
912
917
920
931
936
945
947
964
971
979
981
982
993
1010
1011
1013
1014
1021
1024
1026
1031
1035
1037
1042
1045
1046
1062
1072
1073
1082
1089
1096
1099
1101
1110
1113
1116
1117
1122
1131
1142
1154
1164
1165
1166
1168
1171
1172
1173
1174
1178
1182
1190
1199
1200
1211
1212
1213
1216
1219
1228
1242
1248
1250
1264
1279
1285
1291
1295
1307
1312
1324
1331
1337
1345
1346
1355
1371
1376
1379
1387
1388
1389
1394
1398
1403
1411
1412
1429
1437
1438
1441
1462
1468
1471
1511
1516
1519
1520
1521
1522
1525
1526
1528
1529
1530
1532
1535
1536
1537
1538
1540
1541
1542
1543
1544
1545
1546
1547
1548
1549
1550
1551
1552
1553
1554
1560
1561
1562
1563
1564
1565
1566
1567
1568
1570
1571
1573
1577
1578
1579
1580
1581
1583
1584
1585
1587
1588
1591
1592
1593
1595
1596
1597
1598
1599
